top: 16.582421875
bottom: 35.365625
left: 42.9
right: 47.07